5948
3890
14794
2242
3758
26582
13001
24793
1743
15591
4006
27188
5375
29212
19497
21548
9159
525
13893
8891
11724
23489
28111
26340
12886
26793
25528
18315
32585
6410
5354
13168
9398
12382
8506
9316
24258
21446
1670
26865
18927
8860
24454
31132
32333
8200
114
23037
10833
23123
1209
14130
29945
13886
9471
8131
18741
27150
30014
27145
6543
13202
17280
2541
19679
18666
31678
948
19695
31773
22463
22532
1171
27818
8731
12843
15177
19842
17809
28531
30763
23781
19081
30239
32051
10904
32747
20981
11488
17178
1013
24156
8446
12151
17246
3364
18235
32261
6036
32378
4564
6813
18415
8465
31614
12681
13044
24183
25167
24270
23756
26548
2149
23522
1541
18459
30096
22574
25895
26524
18201
18413
21381
24777
24072
24576
24868
11678
2096
15929
5069
13868
6735
17861
12021
23788
9083
7470
26436
21186
24243
15130
19148
11328
21531
19670
13879
1122
18870
30859
10781
24340
17036
12412
16455
3167
28356
17156
23843
24921
8151
2726
10244
13827
5942
29548
20738
1126
23916
1143
17596
11449
25707
25034
7062
19719
5924
18736
30684
18785
6332
2903
4284
18631
8425
20052
1806
16012
1793
32582
28396
30879
17317
5111
32004
15939
11658
21284
8389
7935
1018
12025
1939
27812
10127
13720
11352
23865
19362
14719
29734
1376
25351
29821
24480
11526
4530
21936
15787
17497
25764
25473
22456
9616
19537
5806
13716
11916
795
8170
26681
30347
12747
5284
18699
1329
23286
1226
2943
29630
26001
14464
26952
76
32148
12824
29388
19641
18261
18309
31284
31818
3313
11791
24704
12504
16614
21601
14767
13475
29887
21505
9336
24223
22116
20728
30643
11020
14157
23355
3867
22228
7230
11147
15169
16449
28220
11617
24567
367
19266
6795
18238
18530
6947
17367
27587
25827
31932
13498
22092
9793
5477
10098
14203
7651
12944
7237
3072
29716
3399
22119
8223
3546
30751
28122
16996
26618
27733
30801
10707
28446
11881
29331
11619
25499
4223
5641
16512
14212
18161
8223
25713
27000
29892
7061
28789
5518
11494
14866
4953
27254
27418
9137
27053
2971
10992
11351
15529
11459
25068
28207
1351
5314
28375
9373
28179
24567
2782
13463
16328
4047
5483
12112
19536
12773
13163
29890
7684
17615
10829
25142
26537
4911
3879
29377
7519
20118
25880
4232
21530
3338
10092
18143
32230
4177
22749
21606
11192
23196
21312
12562
10299
21775
31726
93
24977
8635
1505
6974
8736
29162
27064
15332
31171
1648
18050
15512
9879
14055
6269
29798
27408
32454
3650
15151
8792
28467
12207
11850
9782
22724
11717
4534
27362
12530
26000
21421
2303
11438
22279
16384
17386
24477
17662
3037
27967
686
30176
708
6858
22343
9875
5187
21594
5231
16654
11891
11747
19531
31571
10476
21673
14349
3413
1359
2931
17303
1203
16258
11451
26366
13083
26648
1965
2048
23335
23976
26230
22504
31478
25936
9782
9186
24275
8016
20049
21805
12318
8602
5230
21311
3648
6302
18977
24520
17905
31454
1301
12689
17992
9051
24289
14164
30914
8496
25471
22998
32504
23601
9317
26935
16855
9952
24618
2270
17938
24607
8556
26323
20971
20141
27909
3798
17523
524
29889
22937
25222
32709
28854
28608
22130
2136
26021
21087
31409
11957
975
12643
29356
32284
2945
26966
11690
5641
15343
28982
16554
23712
14144
26477
15823
31133
21153
27465
11413
31256
20025
8259
5197
29667
23813
77
23820
22266
18771
1300
6864
30516
6965
13789
22609
23705
24081
23692
27609
10230
7784
25568
3476
9110
970
21981
8301
22889
7578
2404
14561
31830
6166
27775
4173
13154
7124
14770
3493
20570
28874
2506
25500
20115
14331
19992
17162
19896
30565
3032
12833
7576
6539
3893
28887
14493
27944
3776
26968
9598
10740
23267
7776
17164
31609
25149
18640
28870
3612
444
28388
30477
11993
17417
13109
1130
24226
24792
15410
4808
12158
6289
2027
5060
18706
25457
8039
9340
1270
19061
18544
22358
28670
4730
5691
14210
27234
31082
12667
9951
13635
22951
7808
4644
14373
14360
28187
28686
20465
762
9545
31818
5219
2628
5514
17302
18543
5991
4368
13523
4007
7490
28045
18387
7875
19893
10338
19590
2799
30584
1525
16931
12907
3989
10692
14301
13752
528
10642
19361
23304
5147
31828
32227
823
10935
4539
18126
12352
26577
1805
28220
13342
19806
31726
30389
4344
16221
1134
30637
5142
17072
19878
2897
10349
7890
30647
15084
4262
7181
15419
1401
21266
452
31220
4916
27515
29519
24774
27896
9368
14019
17712
4999
15115
20334
16087
12917
21455
23853
15947
24973
89
3922
25239
12417
537
24335
27221
11046
24099
20253
12411
1715
31532
14728
19898
30496
2663
11778
10931
24631
31056
13088
14606
29478
76
734
16917
7410
29365
31785
209
6853
11145
24518
24059
16200
11199
16749
3153
18602
20944
18592
9162
18655
15261
24524
23992
31618
8182
21454
10351
13656
13393
14720
17136
7404
20350
27055
27026
1764
3382
711
25739
8548
14996
27401
14675
10513
8091
1245
31960
26562
29438
8442
8229
7418
7340
4283
29630
30640
18526
14941
19898
4657
23140
25979
7391
32485
11441
11691
21461
25274
21810
23413
2260
19200
29370
9487
12674
32142
10300
3455
17830
9682
6337
9966
25185
20068
4817
2978
18163
6813
27225
31980
8992
12942
18055
21067
29221
25569
19477
10330
16792
7487
6539
7177
15925
15717
25724
8691
1091
25995
17963
15045
27827
1144
4263
30824
10940
18488
32133
13884
14976
10955
13583
8991
29432
1912
27509
20184
27759
30838
3643
29350
6875
20752
1349
405
4042
9363
24068
25684
29983
29429
25142
31829
22780
17872
1943
31029
9000
21284
28190
9731
11769
20983
24555
20166
19403
32179
2696
27898
18853
6527
26431
31862
19431
22256
13788
3551
16145
30323
4537
8039
11805
3830
31091
6347
18857
2382
7966
2085
15471
7532
13222
32044
28858
21433
15294
21533
29076
13704
2053
7016
30004
16722
2910
25756
20802
30960
28272
10797
9235
246
11994
28064
19200
8397
31965
6120
7136
11308
15609
7213
21022
12900
22931
26087
19995
29662
4305
11856
5873
10922
1014
10716
19764
18544
22725
3457
13617
16450
26987
5299
8827
27590
12349
31511
16118
17141
8295
29862
30862
28220
9509
20993
22645
30885
12892
30508
